6 18586505
0 99990000
6 18588132
7 18594412
0 99990000
6 18593957
6 18592985
6 18593946
6 18589938
6 18585225
7 18594978
6 18589090
7 18598865
6 18586114
6 18586693
6 18588443
7 18591806
0 99990000
7 18597662
7 18595000
5 18585571
6 18588494
6 18588653
7 18597017
0 99990000
6 18593892
7 18595550
0 99990000
0 99990000
6 18591543
7 18595651
6 18591028
0 99990000
6 18589674
6 18588274
6 18588387
0 99990000
0 99990000
0 99990000
6 18589968
6 18592218
6 18594156
6 18589082
6 18587306
6 18592497
0 99990000
6 18591237
6 18590192
7 18595472
6 18590589
6 18590623
7 18602655
6 18588906
7 18594466
0 99990000
6 18593029
6 18589904
6 18589306
7 18593174
6 18588841
6 18591056
6 18592088
6 18590620
0 99990000
6 18591593
7 18596375
6 18590626
0 99990000
7 18594956
0 99990000
6 18589613
7 18601933
0 99990000
6 18588670
6 18591878
0 99990000
7 18596198
6 18588087
7 18599414
7 18597806
7 18597428
6 18591879
5 18586290
6 18590458
6 18591225
6 18592971
6 18589659
6 18591446
7 18593143
6 18589991
6 18591791
7 18596746
6 18589338
5 18587684
0 99990000
6 18590589
6 18587790
0 99990000
0 99990000
0 99990000
6 18590150
7 18599008
6 18588358
6 18587651
6 18589913
6 18592199
0 99990000
5 18586889
0 99990000
6 18590348
6 18592413
6 18589495
0 99990000
6 18589171
6 18593804
6 18591669
7 18597469
6 18591503
0 99990000
6 18591261
6 18590591
5 18587917
0 99990000
7 18593444
6 18588075
0 99990000
6 18591816
6 18589279
0 99990000
6 18590522
0 99990000
7 18595884
0 99990000
6 18590048
7 18594699
0 99990000
5 18585558
6 18591807
6 18594678
6 18591441
6 18590580
5 18587767
6 18593126
6 18590421
6 18591420
6 18595534
6 18593337
0 99990000
6 18590601
0 99990000
6 18589418
5 18585150
6 18592470
6 18587572
6 18586658
6 18588492
6 18587727
6 18591244
7 18585424
6 18587929
0 99990000
6 18590667
0 99990000
0 99990000
6 18590519
6 18593697
6 18590897
6 18588197
0 99990000
6 18589944
7 18594350
6 18590681
6 18589468
6 18586763
7 18596928
6 18594695
6 18592196
6 18591736
6 18594125
0 99990000
7 18600643
6 18585622
5 18584874
0 99990000
5 18588122
6 18591875
6 18591992
5 18586359
6 18587536
6 18587391
6 18594871
6 18589422
0 99990000
6 18592817
6 18591721
6 18589019
7 18594864
0 99990000
0 99990000
6 18594130
7 18595166
6 18591989
6 18591705
6 18590474
6 18594034
6 18592124
0 99990000
7 18594749
7 18597757
7 18596222
6 18589730
6 18588719
0 99990000
0 99990000
6 18587270
6 18589446
6 18589584
6 18590216
8 18604328
0 99990000
0 99990000
0 99990000
6 18591832
6 18590182
6 18591186
6 18589991
6 18591194
0 99990000
5 18587994
0 99990000
6 18591356
6 18589320
7 18597710
6 18586208
6 18589864
6 18588211
6 18590218
6 18590630
5 18585809
0 99990000
6 18587285
7 18597801
6 18588670
5 18586599
6 18586791
6 18591313
0 99990000
6 18593872
6 18592167
6 18590538
0 99990000
6 18589934
7 18595487
6 18593751
0 99990000
6 18590801
7 18594211
0 99990000
6 18590269
6 18594374
6 18590332
7 18595318
6 18588257
7 18596147
5 18582654
6 18591852
6 18590893
6 18591360
6 18590630
6 18592751
0 99990000
5 18585535
6 18590176
0 99990000
0 99990000
0 99990000
6 18591570
6 18587484
0 99990000
5 18586451
6 18588078
6 18588289
6 18589662
5 18586067
6 18587848
6 18593416
6 18593348
0 99990000
7 18585612
7 18596373
6 18588932
0 99990000
6 18591138
6 18587084
6 18592128
7 18601380
6 18593149
7 18598003
6 18591587
0 99990000
6 18595628
0 99990000
7 18600423
6 18591476
0 99990000
6 18590813
7 18596157
6 18591655
6 18587818
7 18594233
6 18591878
6 18592068
7 18597801
7 18596463
6 18591880
7 18597117
0 99990000
6 18593101
7 18592601
0 99990000
6 18591527
6 18586616
6 18592926
6 18591744
6 18588646
7 18598246
7 18599062
0 99990000
6 18587825
6 18590656
7 18596802
0 99990000
6 18589965
6 18592002
5 18583191
5 18585748
6 18590823
0 99990000
6 18584751
7 18595243
6 18592070
6 18586570
6 18590086
7 18596507
6 18594446
6 18592692
0 99990000
6 18590167
0 99990000
7 18594011
6 18592058
6 18588492
7 18595586
6 18588295
7 18597757
0 99990000
0 99990000
6 18587537
6 18588725
6 18594593
6 18588164
0 99990000
6 18591491
8 18603282
6 18588299
0 99990000
6 18590549
7 18595474
6 18588117
6 18587154
0 99990000
7 18597263
6 18589911
6 18593094
7 18596511
0 99990000
0 99990000
6 18590830
6 18594888
0 99990000
6 18587941
6 18591312
6 18589364
0 99990000
6 18594839
6 18586092
0 99990000
0 99990000
7 18595551
6 18587434
6 18590484
7 18602655
6 18594595
6 18591926
5 18586828
0 99990000
0 99990000
6 18594787
6 18588225
6 18589115
6 18589378
6 18588406
7 18593944
6 18590749
6 18590131
0 99990000
5 18585049
0 99990000
6 18591613
6 18591247
0 99990000
6 18588862
0 99990000
0 99990000
6 18585081
0 99990000
6 18594648
6 18587610
0 99990000
5 18585150
0 99990000
6 18589157
6 18592608
0 99990000
7 18597428
0 99990000
6 18586002
6 18588562
6 18592702
6 18586249
6 18588601
6 18588884
7 18600075
6 18589323
6 18590101
6 18586917
6 18592086
7 18595361
6 18593441
7 18598748
6 18591321
6 18591382
6 18585752
6 18591146
6 18594563
6 18588510
6 18591758
5 18587534
0 99990000
5 18587578
6 18592466
0 99990000
6 18592619
7 18594587
0 99990000
6 18593781
6 18591207
0 99990000
6 18587215
6 18589617
5 18585748
7 18601307
6 18590421
6 18592815
7 18594277
0 99990000
6 18589245
6 18590432
0 99990000
7 18598581
6 18588108
6 18589029
6 18587291
6 18592101
6 18588437
7 18592458
0 99990000
6 18588408
6 18590965
6 18591119
6 18590945
0 99990000
6 18593413
6 18591189
6 18591201
6 18592848
6 18587314
6 18590239
0 99990000
7 18601535
6 18588756
0 99990000
6 18589183
5 18588004
5 18586547
6 18589801
6 18593323
6 18585936
6 18591009
0 99990000
6 18589429
7 18596835
6 18588868
0 99990000
6 18589608
6 18588690
6 18588646
5 18585040
0 99990000
0 99990000
6 18591927
6 18586632
6 18592359
6 18586706
0 99990000
6 18593248
6 18589279
6 18587804
5 18583759
6 18590989
6 18590933
0 99990000
7 18595223
6 18590199
6 18592179
0 99990000
6 18588666
6 18592949
6 18590201
6 18589091
0 99990000
6 18591281
0 99990000
0 99990000
6 18594049
6 18591951
6 18591342
7 18595186
0 99990000
0 99990000
0 99990000
6 18590150
6 18590732
0 99990000
7 18597403
6 18587742
7 18600545
6 18586857
0 99990000
0 99990000
6 18588311
5 18584129
5 18586043
6 18589047
6 18588521
0 99990000
6 18587434
6 18591952
6 18590818
6 18591720
0 99990000
6 18593872
6 18588973
6 18592821
8 18605801
6 18591011
0 99990000
6 18594180
6 18592878
6 18590589
7 18598595
0 99990000
6 18591364
0 99990000
7 18599923
6 18589714
7 18596375
6 18587434
5 18582951
0 99990000
0 99990000
6 18589824
6 18591588
6 18590473
6 18590098
7 18599263
7 18596668
6 18592116
6 18591124
5 18585021
0 99990000
6 18589853
7 18597069
6 18589832
5 18585092
0 99990000
7 18594745
6 18590059
6 18589864
0 99990000
6 18590468
6 18589639
6 18590014
6 18591993
0 99990000
7 18592630
6 18585597
6 18594110
6 18587575
7 18598595
6 18591703
0 99990000
6 18587845
6 18586658
0 99990000
7 18596195
0 99990000
0 99990000
6 18589281
6 18593157
6 18592673
0 99990000
6 18587804
7 18594001
5 18584818
0 99990000
6 18590508
6 18587407
6 18587338
6 18593106
0 99990000
0 99990000
0 99990000
6 18590184
6 18589615
0 99990000
6 18587313
7 18599545
5 18584799
0 99990000
6 18591529
6 18591518
6 18588795
6 18591212
6 18592923
0 99990000
7 18595163
7 18596115
6 18591919
0 99990000
0 99990000
0 99990000
6 18588343
6 18590221
0 99990000
6 18587911
5 18585762
6 18591540
0 99990000
6 18593971
6 18589693
6 18593713
0 99990000
0 99990000
7 18592630
6 18591732
7 18595186
7 18595402
0 99990000
5 18588452
6 18589079
7 18599458
0 99990000
6 18592360
0 99990000
6 18588703
6 18586931
0 99990000
6 18593225
6 18588557
6 18589714
8 18601746
6 18590944
0 99990000
6 18593730
5 18586284
0 99990000
7 18598007
6 18592419
7 18596946
6 18593360
6 18589626
5 18588266
6 18592002
6 18591770
6 18591415
0 99990000
6 18588237
6 18594130
0 99990000
0 99990000
0 99990000
6 18586829
6 18589814
6 18588197
6 18590176
6 18591934
7 18595437
6 18591977
6 18592309
6 18591914
6 18588079
6 18587329
7 18597334
7 18597601
6 18588758
7 18596195
0 99990000
6 18591798
7 18597188
0 99990000
7 18591921
0 99990000
6 18592245
5 18584217
6 18588882
0 99990000
6 18591201
6 18591304
6 18589819
6 18588202
6 18588673
6 18586991
7 18600650
5 18584844
8 18594301
6 18594015
6 18587412
6 18589430
6 18589209
7 18597674
6 18591437
6 18587864
6 18590618
6 18590395
7 18598104
6 18591039
5 18585809
6 18588373
6 18587089
7 18602188
0 99990000
6 18589714
6 18591364
7 18595877
6 18588434
6 18592430
6 18588509
8 18601506
6 18587776
0 99990000
6 18591137
6 18587506
6 18587536
6 18591173
6 18591043
5 18587537
6 18586706
6 18588456
6 18591979
6 18592210
7 18594058
5 18585566
7 18595001
7 18598713
7 18595084
6 18591526
6 18589114
0 99990000
7 18597796
6 18591494
7 18595219
6 18595758
6 18593916
6 18595094
7 18594011
6 18589657
0 99990000
0 99990000
7 18595318
7 18595396
6 18590631
6 18589428
6 18587953
6 18588357
0 99990000
6 18591079
0 99990000
0 99990000
0 99990000
6 18593278
6 18591891
5 18585661
6 18591122
0 99990000
6 18588002
6 18590416
0 99990000
0 99990000
0 99990000
6 18591111
7 18594015
5 18586043
0 99990000
6 18586092
6 18590575
6 18590461
6 18590538
6 18586080
7 18592819
6 18591434
7 18595756
6 18587317
6 18591314
6 18590062
6 18591313
6 18588131
6 18587437
6 18589832
6 18587813
6 18587325
6 18593340
6 18591146
6 18590389
6 18588408
6 18589347
7 18591897
7 18598621
6 18585081
7 18594823
6 18590028
6 18588721
6 18590468
0 99990000
6 18590892
0 99990000
6 18589902
6 18592491
6 18590488
6 18588223
6 18588418
7 18595777
6 18590394
6 18590881
0 99990000
6 18587709
0 99990000
6 18591900
6 18586903
0 99990000
6 18589295
0 99990000
6 18591531
6 18592120
0 99990000
0 99990000
5 18585071
6 18591001
6 18592029
7 18592704
6 18587297
6 18591023
6 18588470
7 18594687
6 18592985
7 18598653
6 18590609
7 18597902
5 18585586
7 18598570
7 18594093
0 99990000
6 18592538
7 18596291
6 18590678
6 18590202
6 18588834
6 18592086
5 18585880
6 18588649
7 18599263
6 18588250
0 99990000
0 99990000
0 99990000
6 18589475
0 99990000
6 18591940
6 18586128
7 18593331
0 99990000
6 18591582
6 18593069
7 18593686
7 18598003
6 18592057
6 18588406
7 18597640
7 18594053
0 99990000
6 18591718
6 18586151
6 18588234
7 18594604
6 18592317
6 18590578
6 18589168
6 18588474
7 18595911
6 18588597
6 18590287
6 18593601
6 18590121
6 18588234
7 18594927
6 18593620
6 18591635
7 18593651
6 18588566
7 18593192
7 18591921
6 18593928
6 18589248
0 99990000
6 18592686
6 18590339
7 18598224
6 18590813
6 18592289
5 18587534
7 18596240
0 99990000
6 18591151
6 18592058
0 99990000
6 18591436
6 18587872
7 18598472
0 99990000
6 18593034
0 99990000
0 99990000
6 18592249
6 18587830
6 18588834
6 18593729
6 18592808
6 18587866
0 99990000
6 18591950
6 18589588
0 99990000
7 18597125
5 18585359
6 18593794
5 18587767
6 18593425
6 18586601
0 99990000
7 18596776
6 18594018
0 99990000
7 18597854
0 99990000
6 18591480
7 18596150
6 18592677
6 18589405
6 18589613
6 18591590
6 18593653
6 18588282
7 18597489
0 99990000
6 18591237
0 99990000
5 18583511
6 18590973
6 18593932
6 18591635
6 18589965
5 18585673
6 18588633
6 18591593
8 18604586
7 18595420
6 18594593
7 18595487
6 18594634
6 18590406
